2021 12000 477000
2014 155000 342000
2017 225000 369000
2015 127000 375000
2018 16291 449000
2021 1750 536900
2015 55000 410000
2020 19800 505000
2016 138250 290000
2015 82000 324900
2017 63000 447750
2018 108000 422500
2020 11143 478000
2020 20003 473000
2011 122000 285000
2017 95000 423000
2020 29321 462000
2021 54 504000
2021 7953 491000
2019 18200 583000
2021 0 615000
2011 229000 240000
2018 46000 458900
2021 10 605000
2020 17000 461500
2020 42000 530000
2018 65000 465000
2018 99800 397500
2016 83000 428000
